36.060273556
89.2660330203
37.8931837701
79.7432342189
7.10694065656
65.1689691242
1.32511953428
5.85744709896
99.7744609717
78.7992508976
68.2612406977
37.4512339434
80.8152143336
30.772020421
9.51105972372
25.4512526131
5.19917063035
8.99564317264
2.65318359382
33.2653164647
5.76652476271
10.7890128022
14.9181722667
22.6465925891
87.8058064241
84.5690606044
19.5746053026
62.0804426516
23.5233382281
87.1166008115
76.6089707159
20.1346872134
16.9843440225
10.4952056257
50.1071560394
55.900849744
83.2605867301
9.34697597478
66.2381900218
19.3993946287
3.44582764306
45.7951851414
81.629446513
57.6680578779
48.301851312
4.81698061178
44.4628411269
91.5093514016
62.1412870119
87.0862328682
94.5270599594
97.5009817411
89.8217789527
95.0259956101
66.3710231519
29.4617186878
52.6794765011
4.49108771187
56.3015775834
31.3372569526
44.1879154423
36.7129049579
32.8586679193
38.3161256026
96.0631398295
46.2983353646
19.5215863047
77.807554697
25.1564467783
49.1275098642
47.2459672083
11.0137027962
46.5905234128
19.7047948274
59.3557192699
62.4843842018
41.0606817589
51.3831177339
43.6905436019
80.9208233092
33.4542413119
9.04755434351
15.5274625744
45.7383302682
39.9866135395
62.4398688353
12.3504809752
26.1490120066
13.0732735912
91.6001630097
95.5054866272
32.1128319973
48.8042091077
47.3907029121
6.43525296727
36.4631969456
44.053512742
78.4058261124
59.6371782887
53.8648170085
42.3005655291
65.5218151352
7.46511285194
85.4927797922
68.2261375108
58.5237573397
0.604418896008
6.94882120768
83.2962071638
22.8845210721
97.259000718
86.5370549722
54.9722758439
55.6299078992
96.5468056785
25.7810748807
45.3929644313
92.5900063055
47.3811780268
73.1442579786
4.27144143509
8.7369467553
51.4442522391
74.8729298974
91.270597998
76.1227601282
14.9227426961
85.3151409288
55.0017044541
61.7443113058
88.7442949532
66.610538488
52.6052123963
72.8822838127
87.0008609638
20.0674295216
57.2367562965
71.6872994474
92.263467851
39.6106076347
16.3482071176
3.01688701401
9.07435778653
88.8492138948
94.3121073604
91.5107492478
30.674802946
94.9627787179
79.1701297504
68.7878595811
71.6635951473
36.1837417434
11.7200589094
17.7151601664
80.1375265974
53.8521473411
46.5932973357
45.4573145101
76.1283150086
36.7647329277
24.6897444626
33.5107110536
77.5764754188
40.7673205362
47.1727217212
9.07083339717
3.4225690346
74.3768137486
58.874545712
36.0413855255
55.9249317788
78.4804840339
56.7280043514
87.538121069
46.4025121922
98.6027070824
41.7590508744
90.5385772888
21.3279045574
28.682638885
72.6796965424
80.5169062788
82.9674335284
96.9491227143
24.6745831776
87.9384395411
64.0482126988
37.6058874596
30.216508954
70.2281031432
76.0217999952
67.1121829706
51.6684229035
13.6406301637
43.7951847996
16.0631733119
55.1654206423
24.0429561015
82.0520605168
90.2127225074
7.28323331195
66.7170943067
30.4604430536
80.3225958784
91.1391205646
25.7807885709
42.890247745
30.0501485628
26.4079083232
88.9576999756
3.15615289383
64.1518616556
83.9194515897
23.0704311879
29.4561420751
26.6903868511
62.3381457853
36.0519130837
10.49686108
35.1730088637
92.1241316447
11.1670799243
92.1570787712
10.2667297894
21.4940762577
12.7967417186
55.7191035239
17.0783316885
40.8758553214
3.39989384962
50.2347862165
3.80277528946
67.6689744812
58.0749223935
32.193198047
63.9535276903
98.8059073984
46.5606244296
26.021299409
72.8003213201
18.4754701029
60.3560199892
66.6814555936
72.6477287222
60.1558915867
53.6137895994
68.8479418458
51.9825201978
84.8019106108
61.2397707774
31.263007953
50.5032650527
86.0616186371
19.7496002543
79.8945986756
40.1014283009
72.6300433524
14.0760748729
50.2870878155
54.0909444407
70.0631200024
71.0154489079
8.30928514854
25.9878397612
28.6764061744
87.7620460281
86.0483805267
42.8896034077
90.8643648536
88.5748541539
95.6520397791
12.8441110036
31.1280137366
95.6793284366
87.4933762286
40.7908219695
19.4605460015
99.9707990262
19.7206381247
25.3811410422
49.9955484448
80.4559903708
16.3482283349
15.405231092
99.0919820013
73.5589872975
2.78641891476
37.1095912902
30.005481913
54.4359113072
2.20048381992
23.9285383982
23.7923164988
60.923186709
83.6500334358
51.7249311106
24.0553977979
20.8877201199
77.4844795095
77.1762083661
66.0559604474
16.3142119531
64.8403286117
3.68644698836
67.1391676131
83.5839597226
39.7950850107
46.7843968777
87.146394194
10.6001351948
53.9056708778
24.2963204767
1.74748082302
27.7915015476
64.803688614
48.3988325577
18.7187648068
56.8989648796
56.8569834435
54.3531975289
19.8403745641
89.1824902148
75.5054707608
86.2852084449
49.1646374512
46.0055586618
33.6186900703
43.8479766866
97.9347324495
78.5440321293
2.30945143279
78.9018840631
39.3569507869
25.1655773817
94.2388151835
12.0774399631
42.6733079825
39.6624470076
6.83170166071
11.5611672771
76.6239482706
7.13925741118
90.5751712697
95.7909863584
99.1677996166
95.1126542483
80.7273449358
76.4775864845
53.5050345553
10.1693118207
91.0656204298
93.4060796831
66.3234099885
21.6072029374
28.101617566
80.2907808358
44.1283623679
55.9472905318
99.2043859042
63.9746959712
44.5673412983
38.1476457685
81.1978109395
50.7103797411
60.458551011
73.4124415206
1.74509402041
92.5981757262
44.3143473668
93.3112743183
13.4147443415
69.1245816476
93.3207791322
91.0557558858
48.1556290187
88.4188989621
83.1917041469
75.1517973931
42.3570300622
7.74567387853
1.34141821954
42.2588020841
43.0443293268
23.9468177858
65.5781944315
65.4179080101
57.3886940056
90.707638746
53.2288915588
96.2662388175
98.951398473
8.28299495993
61.9234162485
20.2395621806
21.2943838588
23.183310254
89.0153927136
51.3283583453
35.047713071
50.2815133494
37.2156002313
36.0288334526
90.6155218531
86.5263361234
58.3099705155
58.2910108344
36.3871967383
28.5918268743
81.895224998
92.5394217984
93.186742845
74.6209199178
45.0655676555
50.3552950167
53.0662799823
52.2292515864
3.13208413734
10.2394710866
21.0431132048
46.1982356016
32.3880187782
85.5484315816
6.09676126037
11.1382192701
30.3196520977
59.1937627761
5.99857442678
84.1463294088
62.333034881
55.0400239141
56.9187361232
96.5532166621
81.3763129439
20.5379941569
66.3533187729
95.0930571258
45.0039894151
90.5172586397
71.9867884903
13.9458215765
92.8485574858
52.5266860176
30.6361615289
28.8478491389
85.7293664439
32.3851069255
70.8036870807
52.1124646301
64.31274128
75.2048688496
50.3638040734
28.8569803786
64.9729616752
68.5750798255
69.5932143529
73.5447798017
62.4079182694
13.9115076608
10.2635143222
95.0801233727
28.3651979186
51.4964912351
0.897304079563
82.9839875052
82.8731141334
59.8423363148
0.726437869671
93.9452674465
17.6704064645
42.8878631143
88.4007021836
90.4733355247
92.9069165779
66.4173283887
79.578004726
90.3460349578
35.100517043
48.5632199254
82.0634059922
77.8289786975
31.8714765282
41.4059935781
11.6985097008
28.3192990173
37.9287188761
94.175528446
41.21211364
81.9908149239
21.3788236845
65.9381322699
5.46104253206
3.24328597888
5.83718200149
31.4043682904
33.5781597706
88.4153092249
45.5697087768
86.7461659008
66.0555674548
8.8412379512
65.9939663644
49.6417256297
74.091414169
97.9982148234
72.9429210577
45.2918329521
40.8505388571
93.2412298981
24.4932591819
52.9381537286
15.235803971
6.0469419653
44.1475388507
39.5555590206
67.4194016612
85.8510731261
80.3776736489
83.9587632242
7.88580248326
44.9189799769
43.799456238
47.5792310288
51.9044015497
11.4115110505
60.7683851957
91.5301273929
15.1857869327
65.9569050096
30.3364022254
68.2448381969
66.0297352801
41.8452037816
83.6285143667
21.1079136692
24.9202390416
81.8926899653
84.6338226734
14.5752348471
8.1822831004
57.8471408287
45.4722401065
4.38249039289
35.0718354065
9.09070261416
87.9812617588
76.3466425363
51.4710437402
71.636342374
64.9895980241
16.5170648397
22.2995314424
2.90779483528
67.613359472
86.1716996182
2.53774811662
75.0441442538
26.2870665901
49.8994798612
99.9529605721
10.9125713413
28.7591055268
34.7560662554
59.9971160345
37.3981995434
81.963799635
94.8956733177
25.0067053032
39.0889748211
22.5309834963
95.3262233992
6.59783133039
42.8878356806
77.2434064637
49.9824811901
74.8262256957
86.2367465826
86.7054769032
69.0518381961
26.334699622
27.3870744393
85.5215159316
59.5018338191
71.247079136
78.8288742739
6.86593815865
7.88369074373
81.7938012195
11.6966283038
85.084918792
66.3934000881
8.36764048389
50.9666056831
89.4532495794
55.403901804
26.6819477382
90.1528521675
16.7871654593
82.427626236
68.4120176154
78.2161866353
33.9514132539
86.7474785218
46.0716672952
47.9203636906
29.369185566
52.9847658417
52.7604048775
84.6913096281
42.7100605083
80.6930360952
76.6939036449
59.2190411295
48.1321150266
47.2480576437
84.894541489
76.3587179895
17.8040390411
48.6580413972
73.9375650741
43.7312135161
80.5376956644
8.75504101677
69.9029321904
23.2943077991
4.66173984918
32.9476071345
75.6156533594
40.5447654875
61.6033495479
20.0373044032
63.7752364169
27.0247493521
96.2871532235
18.850953365
61.1136172852
43.3554439832
11.101638847
35.5323989723
78.4955358873
67.1350410076
85.7787518281
6.83243850971
61.0953389447
25.576370771
0.295667523886
74.1232385878
69.4977004025
1.00606780981
46.5814012051
72.3985914966
93.9143960153
35.9200298317
53.8893386762
82.2999985824
28.6660021911
3.09728312845
19.6082220105
94.5513759189
19.3919299631
44.598155207
73.6997219172
74.9492047709
44.8864319786
13.4066647304
94.8008062177
42.331294118
76.7879655856
88.6005315219
25.8512700521
65.5124354862
0.924795309726
73.0479854976
50.1284790647
11.4784476837
84.399696133
23.7230887873
95.1095836094
19.2696634593
72.1971346685
32.7988298595
27.5482080011
13.120406588
96.082471615
72.385571118
5.30837401159
49.0253543255
72.0328936895
53.4839077767
64.9677924897
32.8712486963
93.9955668835
66.1516623327
41.9224705027
55.5994206738
93.7625794704
4.56784383395
44.4403156557
34.507359612
79.5024443362
56.4576567326
26.1653782916
6.68136651268
19.2993008554
78.9503883633
71.3032615995
72.243070097
90.077996635
89.1238317584
1.96107084844
75.6420298209
84.0473719349
63.0023527633
9.22775420705
72.2065628826
83.5509430181
8.04003503744
94.8959079126
23.6668225024
18.7654244826
97.7608698541
77.5625810715
11.3461662409
7.30509524981
44.7524846531
84.0422551541
28.2828913286
29.735443673
79.2638086603
8.36472247449
53.8871526944
54.880549772
56.870369384
31.9714228997
46.5755791458
19.5987632841
7.49603315508
57.7585842932
46.431307751
30.5074134789
51.2034433129
64.9894927407
78.8231467556
91.3376236029
35.6025392574
59.8913763188
67.0381438848
95.8249140033
78.5224386377
10.8029842404
95.7793667289
31.9311216722
7.45500252151
31.3019345715
56.9913210384
9.23992188334
11.9825018363
76.5622502659
5.34869508074
33.0432385026
36.6581702024
44.2337123454
13.6046162985
45.0776250299
91.7859505196
17.8062054503
53.9594862358
51.3604601668
30.697630005
0.104054393352
45.2181649351
39.7830002414
27.3899569344
42.8845742615
81.8170055375
13.3730212927
6.98309978991
88.3886898336
26.12237239
10.3144997592
5.01938856684
54.6153351459
34.9343808036
2.18626382514
73.0582584501
13.8424653578
11.0287733764
59.2413871864
48.3954585744
16.2371368432
17.4984089262
67.7610826803
49.0928740095
72.6467703231
22.2054112747
38.5372168737
55.7547163394
52.4272546746
80.6616839498
40.3724057796
77.1350337672
13.9494733277
86.6526116389
37.9573903002
58.4296120413
19.434081921
31.5158988648
93.3365916538
17.9828490724
83.5251379273
75.8540516922
13.1072482286
97.3521483498
8.35290687009
46.1965656002
19.9822630733
12.7990096039
90.0672987359
69.5493683499
72.1942072868
66.316938992
17.4801747124
27.3305042071
90.0765268028
35.113844356
4.28536207281
46.2910626706
36.5923906882
35.725433859
29.7055595484
93.4765797351
51.6025508656
81.4877627464
13.2349422303
33.1047153842
72.0611282441
80.9943905417
50.1729985405
29.1846359033
90.8506896929
31.5629503192
87.4108569173
62.5651533213
73.6932595628
9.36729362368
32.4454207271
45.3476055496
3.71201515365
41.32710569
39.0942598168
64.6788848111
63.9858468552
72.1156281961
50.4363874155
41.6772786853
86.5381176491
18.5898293294
88.3928076688
13.4739410919
84.895996799
2.37384130153
5.22736253143
39.4483366408
3.49989202588
19.2682435895
23.8827311533
88.0602566666
60.4119299128
42.942009495
10.2199625928
68.4929289
41.0234512975
14.7121463532
63.9121300075
46.8201474564
80.3880885422
80.0034179493
78.8782705889
90.4685435639
41.6681769824
72.2444075522
14.2560998418
3.02829099911
11.0332686754
69.6473164676
93.1570722737
58.5914901289
38.2699050931
6.59291741756
40.6378061897
26.5801946583
31.801288432
82.0285429401
0.352213512163
38.2673197471
22.2342015335
47.8906060023
61.9247445729
6.26395193233
32.8460909822
68.2167945216
70.6120471938
84.9715019016
39.6210487774
61.9432312079
38.2353550115
48.7765523153
58.9117945089
29.3201885181
37.4659301253
17.1935197385
27.1626182569
46.6645970222
73.8133823376
98.1241816373
28.6954891926
69.0181698672
91.3755710686
16.0427032852
2.0896169045
32.8162374901
87.2391092187
98.2055783321
21.3421813352
30.2169474493
55.4289193988
16.1865034078
73.7573945605
54.1989880474
17.6031079088
70.5950748049
66.0425437861
55.637675627
96.8551179042
10.4567811619
79.6371024205
10.5853936541
35.4994331643
37.8366706373
15.0877915054
29.6192307679
71.7157838127
72.7037978637
20.7349772983
42.2229572748
39.2693526399
60.7053558281
78.0103010951
27.3108163617
42.3169824292
57.1210930662
0.055916806985
29.7880559036
81.3773505086
59.0668951401
22.6536257735
68.681904102
31.0997919246
26.2627239395
65.7863486027
11.0639678033
56.3057943445
33.5294050512
35.6376016379
24.8979313625
72.0594682156
50.4249339382
40.9163264878
36.282852218
74.9499184734
33.6205671561
30.0808749034
29.9801466488
4.72110061963
22.2549323926
41.0474866583
94.5942642282
83.1512535711
70.6625837135
51.6899055099
85.7350059516
19.0459988993
64.1976678257
24.0108565006
65.5066523568
19.5393251455
57.5996042779
80.232778962
11.7045567864
91.7803434459
34.1280575347
61.2483534229
69.4053732215
40.127140834
48.619404927
67.9163201351
58.3778039946
38.3701545646
35.972383619
51.6321227774
78.9370244662
