84610112.000000
83641296.000000
82436208.000000
81390648.000000
80350592.000000
79443528.000000
78411904.000000
77477968.000000
76490816.000000
75255448.000000
74273784.000000
73242456.000000
72421088.000000
71640304.000000
70716472.000000
69799584.000000
68785688.000000
67941696.000000
67057120.000000
66255000.000000
65569752.000000
64876204.000000
64108528.000000
63255468.000000
62239140.000000
61478616.000000
60728492.000000
59915136.000000
59275736.000000
58588016.000000
57749152.000000
57095868.000000
56479684.000000
55829108.000000
55236604.000000
54401056.000000
53640636.000000
53074940.000000
52484088.000000
51509736.000000
50688480.000000
49972940.000000
49287276.000000
48660520.000000
48033528.000000
47341116.000000
46736768.000000
46161204.000000
45613748.000000
45133228.000000
44609880.000000
43940796.000000
43369108.000000
42738092.000000
42272676.000000
41775864.000000
41190304.000000
40715700.000000
40275596.000000
39807564.000000
39322096.000000
38831352.000000
38367372.000000
37894224.000000
37427744.000000
36929180.000000
36461816.000000
36080700.000000
35639240.000000
35169648.000000
34662556.000000
34141464.000000
33707532.000000
33306764.000000
32795252.000000
32408880.000000
31932656.000000
31558186.000000
31113548.000000
30695158.000000
30313630.000000
29936996.000000
29533434.000000
29208094.000000
28851474.000000
28478318.000000
28190836.000000
27789362.000000
27476810.000000
27126754.000000
26855004.000000
26479596.000000
26170660.000000
25787016.000000
25451970.000000
25121176.000000
24717614.000000
24374814.000000
24092572.000000
23775148.000000
23425808.000000
23165380.000000
22895022.000000
22600086.000000
22328790.000000
22072112.000000
21730744.000000
21488760.000000
21271314.000000
20910744.000000
20606340.000000
20302348.000000
20060880.000000
19794202.000000
19541148.000000
19291382.000000
19069104.000000
18819148.000000
18560418.000000
18313790.000000
18123194.000000
17889342.000000
17622934.000000
17363344.000000
17103494.000000
16835470.000000
16646325.000000
16430083.000000
16202651.000000
16003055.000000
15814545.000000
15547438.000000
15341380.000000
15179115.000000
14981931.000000
14801060.000000
14596253.000000
14422601.000000
14275868.000000
14107961.000000
13928254.000000
13733281.000000
13581716.000000
13411072.000000
13198715.000000
13020806.000000
12821262.000000
12677129.000000
12499942.000000
12338086.000000
12208069.000000
12049408.000000
11912834.000000
11760954.000000
11632607.000000
11495694.000000
11368444.000000
11222067.000000
11071081.000000
10920895.000000
10771548.000000
10672415.000000
10511185.000000
10376800.000000
10240361.000000
10113641.000000
9965468.000000
9854554.000000
9724696.000000
9598762.000000
9454040.000000
9334261.000000
9226493.000000
9146925.000000
9041757.000000
8941422.000000
8828879.000000
8716306.000000
8622854.000000
8509943.000000
8388037.000000
8285974.500000
8180482.500000
8089702.500000
7997314.000000
7876878.500000
7769486.000000
7673478.000000
7566057.000000
7466814.500000
7394085.500000
7308830.500000
7211042.500000
7125231.000000
7023737.000000
6958095.000000
6889796.500000
6791186.000000
6721263.000000
6637997.500000
6573807.000000
6483087.500000
6391963.500000
6338758.000000
6265181.500000
6206844.500000
6129135.000000
6051857.500000
5979112.500000
5882827.500000
5797056.000000
5710522.500000
5630281.000000
5555553.000000
5522682.500000
5465594.500000
5398814.500000
5343067.000000
5265750.000000
5214081.500000
5134010.000000
5083207.000000
5028074.000000
4974212.500000
4900707.500000
4841875.000000
4770011.000000
4711885.000000
4650594.500000
4590840.500000
4546401.000000
4489698.000000
4434618.500000
4361966.500000
4311799.000000
4258181.000000
4212568.000000
4146701.750000
4092516.500000
4058852.250000
4001520.250000
3959112.250000
3898078.250000
3840986.750000
3799054.000000
3769232.750000
3724037.000000
3680654.250000
3634421.500000
3583420.250000
3538098.250000
3508891.250000
3464205.500000
3422330.750000
3382008.750000
3327973.000000
3299818.250000
3256323.250000
3222004.250000
3187032.750000
3145929.500000
3095264.500000
3050145.750000
3001674.500000
2960441.000000
2918283.000000
2881653.000000
2842997.250000
2804074.000000
2764559.000000
2733078.500000
2698711.250000
2669586.000000
2636221.500000
2607513.250000
2579313.250000
2546792.750000
2507545.500000
2476499.750000
2446333.500000
2415902.000000
2378711.500000
2357954.250000
2328098.500000
2299888.000000
2274797.000000
2249195.250000
2228615.750000
2199799.000000
2178135.500000
2154555.500000
2129929.500000
2105084.000000
2082906.500000
2058486.875000
2029844.750000
2012248.125000
1989100.125000
1963852.500000
1941173.125000
1922475.875000
1894031.250000
1874988.375000
1852781.000000
1836080.500000
1811555.375000
1795488.375000
1773519.375000
1751768.500000
1738234.625000
1718144.750000
1701079.625000
1678573.875000
1661543.500000
1646340.625000
1627833.875000
1610884.125000
1595226.250000
1581743.125000
1567516.250000
1547601.500000
1531793.875000
1515094.500000
1496283.750000
1477713.250000
1466047.750000
1449185.875000
1428629.125000
1415154.750000
1402658.125000
1388704.500000
1372040.625000
1361083.500000
1347449.500000
1335193.000000
1320222.500000
1306830.500000
1292098.125000
1276188.750000
1263975.250000
1251246.750000
1238074.875000
1226588.625000
1214931.000000
1203533.000000
1194568.000000
1183092.625000
1169672.000000
1160480.500000
1150099.250000
1138143.750000
1126269.375000
1116652.625000
1103826.000000
1092427.000000
1079594.375000
1067145.000000
1055974.125000
1045498.000000
1038021.187500
1030371.375000
1022016.375000
1012467.812500
1005037.500000
995214.000000
985656.312500
980337.750000
970596.250000
962008.937500
953336.125000
945983.625000
936179.812500
927870.625000
920696.187500
910618.187500
902298.125000
895104.687500
886429.437500
877423.187500
871825.312500
866014.750000
859914.062500
852755.875000
841919.375000
832919.625000
825517.000000
819055.062500
811533.812500
804958.250000
798552.187500
791532.500000
785145.687500
780104.125000
772799.562500
765577.062500
759657.750000
755545.500000
748473.937500
742868.562500
739543.062500
732775.937500
723438.750000
718846.437500
712461.000000
707184.437500
700126.937500
696236.625000
691849.312500
688851.187500
683622.500000
679584.000000
672886.062500
665767.250000
661122.250000
656875.437500
651779.437500
646281.187500
643424.250000
638771.875000
634619.437500
629328.000000
624232.937500
618475.750000
615377.875000
611946.812500
608180.125000
603343.375000
600288.000000
595095.625000
589374.062500
586010.687500
583442.375000
579860.312500
576443.812500
573058.687500
570410.812500
567044.562500
563537.687500
560418.625000
557420.062500
553888.562500
549152.750000
545638.812500
542161.250000
538725.250000
535873.312500
532440.812500
528872.875000
526189.000000
524576.500000
521404.562500
518292.750000
515027.250000
511388.093750
509232.718750
505954.375000
503297.218750
501713.125000
499887.156250
497371.125000
495489.937500
494001.062500
490992.625000
487963.218750
484807.125000
481640.968750
479044.937500
478062.031250
475701.281250
473437.250000
471097.562500
469151.531250
465509.781250
463379.281250
460656.531250
457942.093750
456659.500000
455042.781250
453049.968750
450450.906250
448920.875000
447190.250000
444935.187500
442338.406250
439710.468750
437649.125000
435752.531250
433630.375000
432418.750000
430553.343750
428415.093750
426561.500000
425010.000000
423944.531250
422321.000000
421298.062500
419927.937500
418038.375000
415855.281250
414637.812500
413428.906250
412143.718750
410080.187500
408230.343750
407129.531250
405654.656250
404924.093750
403938.093750
403172.437500
402009.343750
401317.093750
399677.468750
398468.906250
397063.187500
395521.906250
393863.656250
393504.750000
392324.125000
391615.968750
390501.812500
388462.875000
387648.093750
386131.812500
385872.968750
384466.250000
383051.187500
382572.281250
381207.156250
380541.312500
379628.000000
378724.000000
377865.343750
377290.062500
376468.625000
375278.906250
374668.062500
374261.281250
373412.718750
372261.562500
371024.437500
370165.968750
369697.218750
368973.843750
368187.406250
367396.375000
366516.000000
366176.687500
365298.531250
364819.500000
364392.375000
363210.281250
362758.937500
361945.406250
361338.406250
360740.843750
360053.468750
360085.687500
359473.156250
358760.406250
358492.375000
358029.312500
357319.093750
356331.875000
356036.468750
355332.218750
354591.687500
353840.281250
353047.093750
352328.250000
351855.812500
351254.718750
351076.562500
350488.218750
350151.625000
349720.187500
349246.281250
348583.500000
348166.531250
347399.000000
346923.375000
346551.906250
345909.343750
345623.000000
345168.562500
344711.093750
343845.312500
343405.750000
342731.375000
342413.875000
341782.125000
341392.750000
340812.375000
339998.656250
339803.625000
339362.687500
339078.593750
338521.343750
338156.375000
338120.968750
338029.531250
337313.718750
336986.062500
336458.375000
336331.000000
336083.312500
335472.625000
335256.187500
334912.906250
334619.968750
333967.468750
333610.625000
333299.281250
332893.062500
332488.406250
332422.781250
332376.250000
332290.250000
331750.656250
331411.343750
331100.312500
331019.531250
330577.968750
330284.437500
330117.968750
329999.593750
329863.312500
329813.125000
329557.093750
329332.281250
329102.156250
328975.218750
328887.343750
328500.156250
328318.750000
327747.437500
327573.343750
327499.531250
327381.218750
327188.875000
326864.562500
326465.250000
326042.375000
325843.906250
325621.812500
325221.468750
324764.937500
324559.531250
324376.343750
324257.375000
324013.062500
323956.406250
323894.468750
323424.593750
323244.812500
322995.500000
322913.218750
322662.531250
322291.000000
321969.343750
321864.906250
321416.718750
321326.593750
321096.281250
320886.281250
320723.906250
320623.000000
320534.875000
320257.093750
320114.125000
319735.468750
319665.875000
319646.250000
319547.406250
319376.625000
319327.687500
319168.093750
318963.437500
318973.968750
319003.906250
318984.875000
318848.093750
318725.656250
318415.843750
318322.625000
318185.468750
318118.875000
317964.687500
317983.250000
317835.781250
317637.250000
317473.750000
317443.968750
317364.812500
317210.156250
317171.031250
317151.718750
316954.062500
316805.968750
316634.937500
316438.093750
316394.062500
316343.906250
316340.937500
316205.812500
316173.656250
316203.093750
316197.968750
316077.406250
315977.531250
315879.093750
315757.656250
315624.000000
315575.812500
315435.437500
315376.906250
315355.656250
315310.625000
315342.781250
315308.937500
315126.812500
315119.937500
315041.656250
315000.750000
314904.750000
314755.406250
314620.906250
314625.062500
314593.156250
314644.937500
314595.562500
314546.312500
314601.875000
314557.187500
314464.343750
314224.593750
314194.437500
314195.812500
314060.468750
314014.093750
313927.500000
313776.781250
313726.281250
313653.093750
313482.000000
313495.343750
313437.781250
313350.125000
313252.562500
313206.218750
313217.437500
313207.500000
313086.593750
313078.937500
312987.968750
312937.062500
312882.937500
312860.156250
312949.656250
312875.468750
312903.500000
312931.875000
312875.781250
312769.968750
312796.125000
312687.812500
312590.000000
312603.625000
312576.968750
312540.531250
312427.781250
312378.062500
312320.937500
312355.062500
312351.406250
312296.750000
312298.406250
312282.562500
312294.375000
312290.937500
312132.656250
312170.718750
312066.718750
312010.281250
311949.875000
311962.406250
311979.812500
312004.750000
312044.406250
312017.406250
311978.093750
311994.968750
312021.031250
311990.468750
311966.156250
311901.343750
311856.093750
311779.593750
311727.281250
311753.843750
311786.875000
311764.937500
311711.656250
311579.687500
311578.968750
311588.593750
311439.687500
311416.875000
311362.093750
311225.218750
311221.625000
311209.437500
311198.000000
311176.718750
311205.000000
311267.000000
311261.968750
311245.687500
311242.875000
311307.250000
311297.468750
311295.500000
311262.687500
311212.375000
311245.031250
311158.156250
311138.468750
311147.406250
311081.468750
311031.812500
310976.437500
310938.187500
310902.656250
310860.843750
310848.343750
310835.187500
310886.906250
310911.281250
310897.562500
310935.906250
310918.375000
310886.781250
310826.468750
310843.468750
310788.562500
310820.968750
310737.468750
310726.218750
310797.031250
310713.500000
310686.593750
310691.281250
310713.625000
310704.156250
310709.718750
310625.500000
310554.781250
310562.031250
310556.093750
310537.781250
310529.062500
310529.343750
310529.750000
310521.593750
310515.875000
310475.343750
310498.156250
310491.125000
310436.218750
310426.500000
310535.531250
310524.843750
310524.906250
310491.500000
310432.656250
310434.781250
310418.156250
310385.093750
310373.843750
310369.437500
310338.656250
310320.531250
310344.218750
310348.125000
310350.281250
310333.968750
310358.500000
310367.250000
310385.000000
310289.593750
310268.500000
310261.437500
310261.468750
310268.281250
310220.781250
310189.218750
310203.718750
310158.875000
310128.750000
310118.062500
310110.156250
310057.093750
310037.625000
310035.156250
310055.250000
310042.187500
310018.187500
309999.687500
310010.062500
310025.750000
310018.656250
309989.187500
309985.093750
309997.125000
309988.656250
309982.187500
309979.031250
309958.750000
309958.593750
309961.718750
309949.218750
309941.187500
309932.218750
309917.875000
309892.812500
309858.281250
309832.312500
309809.625000
309819.187500
309823.937500
309804.500000
309814.062500
309826.437500
309791.593750
309802.812500
309787.656250
309790.062500
309788.375000
309747.156250
309724.156250
309751.218750
309764.062500
309752.375000
309779.281250
309795.187500
309750.312500
309732.281250
309735.843750
309720.156250
309726.375000
309683.218750
309696.281250
309689.031250
309684.125000
309707.531250
309713.843750
309751.468750
309739.937500
309775.343750
309795.781250
309784.687500
309796.843750
309815.843750
309788.906250
309767.781250
309780.687500
309767.562500
309765.562500
309706.156250
309682.781250
309694.593750
309683.781250
309639.000000
309671.625000
309677.781250
309699.000000
309654.843750
309643.687500
309632.781250
309625.843750
309623.187500
309628.531250
309613.625000
309592.906250
309591.281250
309605.593750
309617.937500
309622.500000
309623.531250
309629.218750
309613.562500
309623.843750
309634.093750
309645.031250
309636.906250
309643.125000
309635.656250
309633.031250
309632.281250
309626.718750
309630.031250
309599.937500
309630.062500
309678.406250
309639.000000
309618.125000
309606.687500
309606.406250
309594.906250
309588.062500
309592.406250
309577.187500
309595.500000
309603.656250
309608.843750
309585.375000
309579.406250
309576.093750
309558.750000
309520.406250
309521.093750
309526.625000
309510.843750
309458.656250
309472.156250
309477.156250
309464.906250
309486.531250
309454.812500
309467.093750
309432.687500
309411.156250
309423.250000
309413.750000
309390.281250
309402.406250
309390.750000
309367.093750
309330.312500
309317.531250
309312.187500
309298.218750
309307.875000
309311.281250
309316.437500
309322.968750
309320.843750
309310.906250
309304.562500
309288.843750
309287.218750
309286.968750
309284.781250
309297.000000
309294.093750
309297.843750
309287.656250
309293.437500
309287.375000
309294.375000
309295.406250
309274.312500
309277.656250
309275.812500
309275.812500
309268.781250
309272.875000
309264.781250
309280.406250
309289.281250
309271.718750
309255.031250
309256.000000
309260.343750
309256.781250
309259.468750
309269.000000
309262.250000
309267.343750
309260.093750
309251.656250
309238.656250
309225.937500
309222.593750
309219.750000
309229.437500
309237.343750
309236.625000
309226.718750
309230.218750
309233.312500
309234.125000
309233.156250
309231.656250
309248.062500
309252.218750
309266.718750
309238.218750
309239.281250
309226.468750
309219.062500
309224.187500
309222.125000
309228.875000
309213.406250
309204.687500
309207.312500
309195.125000
309195.218750
309204.593750
309197.875000
309201.562500
309205.375000
309192.875000
309196.812500
309189.750000
309186.062500
309185.781250
309186.937500
309195.562500
309187.593750
309179.375000
309174.406250
309172.125000
309171.375000
309172.500000
309175.062500
309170.625000
309166.906250
309168.125000
309165.750000
309166.187500
309165.750000
309166.500000
309168.250000
309168.375000
309165.000000
309163.500000
309162.906250
309162.875000
309163.062500
309162.062500
309163.718750
309163.656250
309169.625000
309166.093750
309168.906250
309176.093750
309179.718750
309183.562500
309180.781250
309177.593750
309173.875000
309174.593750
309172.562500
309167.750000
309172.812500
309172.718750
309168.781250
309173.031250
309167.343750
309164.218750
309163.593750
309164.125000
309168.218750
309167.687500
309167.812500
309172.156250
309172.812500
309173.468750
309174.656250
309169.812500
309174.343750
309171.812500
309173.031250
309172.656250
309173.906250
309175.406250
309178.531250
309177.343750
309173.812500
309169.375000
309169.062500
309173.031250
309176.781250
309175.156250
309175.968750
309170.406250
309164.593750
309169.843750
309170.281250
309171.281250
309166.218750
309168.062500
309171.093750
309169.531250
309170.093750
309175.281250
309174.843750
309166.968750
309162.781250
309159.156250
309160.312500
309160.687500
309160.187500
309160.718750
309160.125000
309156.843750
309157.250000
309156.375000
309155.812500
309155.281250
309155.562500
309153.656250
309152.968750
309152.562500
309153.156250
309152.718750
309152.781250
309152.625000
309152.093750
309151.843750
309151.875000
309152.687500
309151.906250
309151.718750
309151.562500
309151.500000
309152.062500
309152.187500
309153.625000
309154.781250
309153.500000
309152.281250
309151.375000
309151.281250
309152.312500
309152.031250
309152.406250
309151.468750
309151.312500
309151.593750
309151.562500
309152.937500
309152.406250
309150.531250
309149.625000
309149.750000
309150.218750
309150.937500
309149.718750
309150.468750
309149.781250
309151.531250
309152.843750
309152.468750
309153.968750
309153.812500
309160.593750
309158.500000
309157.375000
309153.000000
309151.250000
309155.531250
309155.937500
309154.968750
309154.031250
309154.187500
309157.750000
309161.687500
309169.562500
309174.375000
309172.687500
309174.468750
309165.656250
309159.343750
309156.500000
309161.843750
309168.812500
309176.843750
309168.843750
309163.625000
309166.968750
309161.312500
309159.156250
309155.781250
309154.000000
309150.843750
309151.093750
309148.562500
309147.718750
309150.562500
309147.531250
309148.125000
309149.281250
309147.625000
309149.187500
309150.250000
309149.031250
309148.687500
309151.437500
309157.187500
309156.375000
309158.812500
309160.468750
309157.281250
309153.468750
309149.062500
309148.031250
309146.625000
309148.312500
309148.781250
309149.968750
309149.750000
309149.343750
309152.843750
309148.968750
309146.218750
309148.562500
309145.750000
309144.375000
309145.093750
309143.531250
309144.468750
309146.343750
309144.000000
309143.250000
309143.562500
309145.593750
309146.656250
309144.781250
309146.000000
309146.625000
309143.281250
309142.437500
309141.625000
309141.593750
309141.718750
309142.937500
309141.250000
309140.781250
309141.093750
309141.250000
309141.250000
309140.750000
309140.500000
309140.562500
309140.437500
309140.187500
309140.562500
309142.656250
309144.468750
309153.687500
309152.562500
309155.125000
309163.187500
309164.968750
309164.718750
309163.093750
309162.437500
309167.531250
309163.968750
309166.531250
309166.937500
309167.093750
309160.156250
309161.156250
309162.125000
309164.531250
309163.000000
309166.625000
309163.843750
309163.218750
309165.156250
309171.937500
309163.625000
309158.187500
309154.125000
309160.250000
309154.187500
309159.687500
309165.906250
309166.906250
309159.750000
309156.843750
309148.906250
309148.843750
309151.937500
309159.250000
309164.187500
309174.156250
309173.312500
309160.093750
309156.750000
309157.343750
309158.875000
309162.343750
309163.562500
309165.125000
309160.656250
309157.781250
309152.187500
309159.687500
309154.937500
309154.343750
309151.968750
309154.218750
309146.343750
309143.718750
309141.250000
309144.187500
309143.750000
309144.437500
309141.968750
309138.593750
309137.281250
309135.906250
309136.312500
309136.906250
309140.406250
309136.312500
309136.718750
309139.625000
309139.437500
309141.875000
309141.781250
309145.125000
309144.687500
309142.781250
309141.843750
309140.718750
309140.093750
309142.000000
309140.718750
309137.187500
309139.187500
309136.937500
309137.468750
309135.531250
309134.031250
309134.312500
309133.375000
309133.937500
309133.531250
309132.875000
309132.250000
309132.531250
309132.093750
309131.562500
309132.750000
309134.312500
309133.812500
309133.031250
309138.500000
309135.875000
309138.000000
309134.437500
309136.562500
309139.625000
309140.718750
309138.437500
309138.281250
309140.406250
309143.312500
309145.750000
309143.187500
309143.406250
309141.406250
309141.906250
309140.000000
309136.718750
309135.250000
309136.812500
309134.187500
309134.312500
309136.218750
309137.125000
309135.343750
309137.500000
309137.250000
309146.218750
309142.375000
309141.843750
309137.750000
309140.250000
309141.968750
309143.375000
309141.156250
309145.562500
309138.843750
309139.218750
309137.593750
309144.343750
309151.625000
309152.062500
309152.062500
309152.468750
309152.718750
309159.218750
309155.500000
309157.187500
309161.000000
309175.843750
309180.187500
309182.906250
309197.906250
309199.656250
309199.156250
309198.031250
309193.312500
309190.156250
309176.187500
309172.343750
309180.250000
309174.187500
309184.593750
309195.812500
309189.406250
309177.062500
309183.968750
309199.375000
309206.656250
309195.031250
309195.156250
309197.250000
309192.062500
309195.187500
309190.312500
309182.468750
309184.875000
309180.875000
309172.593750
309175.812500
309180.218750
309183.750000
309188.906250
309184.593750
309175.750000
309171.625000
309168.656250
309160.843750
309171.062500
309171.875000
309166.312500
309173.625000
309172.031250
309174.750000
309167.375000
309162.406250
309159.312500
309151.906250
309151.125000
309149.062500
309152.500000
309155.250000
309157.718750
309152.906250
309148.687500
309144.156250
309145.500000
309149.062500
309152.218750
309144.875000
309152.718750
309158.718750
309156.125000
309147.218750
309146.906250
309158.093750
309147.781250
309144.218750
309141.812500
309151.375000
309155.437500
309164.093750
309172.937500
309174.812500
309179.812500
309167.343750
309167.281250
309159.000000
309162.593750
309156.968750
309160.625000
309159.812500
309170.625000
309175.000000
309181.250000
309177.812500
309185.437500
309185.000000
309183.875000
309189.718750
309187.656250
309183.468750
309179.812500
309181.000000
309187.875000
309174.093750
309178.656250
309187.875000
309178.843750
309171.968750
309169.343750
309162.625000
309154.468750
309163.562500
309153.000000
309149.937500
309143.718750
309137.875000
309136.000000
309137.843750
309129.375000
309129.687500
309128.031250
309127.312500
309127.156250
309129.625000
309129.937500
309130.312500
309126.968750
309126.781250
309134.437500
309140.250000
309135.750000
309130.062500
309129.500000
309130.312500
309127.718750
309133.656250
309139.250000
309139.625000
309133.062500
309143.968750
309144.750000
309140.562500
309136.156250
309140.937500
309145.593750
309145.625000
309155.406250
309151.937500
309151.500000
309152.093750
309152.718750
309157.218750
309159.843750
309161.843750
309161.781250
309168.781250
309165.187500
309159.093750
309150.062500
309147.187500
309157.593750
309159.093750
309161.656250
309161.781250
309157.812500
309157.781250
309152.906250
309147.156250
309145.031250
309141.343750
309139.218750
309138.593750
309141.437500
309135.312500
309130.687500
309129.031250
309122.562500
309123.687500
309126.062500
309125.250000
309126.625000
309127.406250
309125.406250
309127.500000
309126.031250
309126.093750
309121.250000
309120.406250
309119.562500
309117.312500
309113.437500
309112.625000
309110.750000
309112.968750
309115.843750
309115.375000
309116.843750
309120.843750
309118.375000
309118.843750
309122.406250
309124.187500
309121.500000
309122.875000
309130.656250
309125.875000
309129.031250
309131.968750
309127.375000
309131.562500
309129.031250
309135.093750
309136.593750
309138.875000
309137.187500
309142.187500
309135.562500
309139.468750
309137.375000
309148.062500
309150.250000
309143.781250
309150.781250
309151.968750
309150.531250
309152.843750
309155.062500
309153.093750
309159.218750
309155.218750
309146.875000
309151.156250
309144.187500
309144.093750
309138.718750
309141.562500
309134.656250
309130.468750
309129.562500
309133.593750
309133.437500
309137.406250
309136.375000
309132.343750
309127.812500
309128.281250
309123.968750
309123.781250
309118.093750
309116.468750
309114.968750
309111.843750
309115.343750
309119.593750
309117.406250
309120.656250
309116.343750
309121.593750
309119.718750
309114.843750
309114.468750
309111.937500
309111.687500
309111.156250
309109.750000
309110.687500
309112.437500
309112.500000
309113.062500
309107.843750
309108.437500
309104.718750
309103.312500
309104.375000
309101.875000
309103.250000
309104.593750
309104.250000
309101.000000
309101.875000
309103.062500
309103.250000
309099.875000
309100.531250
309103.250000
309101.343750
309102.312500
309103.562500
309106.468750
309113.312500
309113.000000
309114.187500
309114.781250
309109.906250
309112.906250
309117.187500
309113.312500
309109.218750
309110.000000
309110.593750
309114.375000
309112.031250
309112.593750
309114.406250
309113.500000
309109.062500
309105.437500
309105.437500
309110.812500
309117.000000
309120.906250
309107.718750
309105.406250
309110.093750
309114.562500
309120.562500
309121.406250
309121.531250
309116.343750
309111.781250
309108.156250
309105.406250
309103.000000
309104.312500
309103.000000
309105.906250
309102.750000
309100.031250
309098.468750
309097.250000
309095.906250
309095.031250
309094.593750
309095.281250
309095.656250
309094.937500
309095.843750
309097.312500
309097.781250
309097.062500
309099.000000
309097.125000
309097.031250
309095.125000
309094.968750
309095.000000
309093.812500
309094.187500
309093.468750
309093.187500
309093.375000
309092.875000
309092.750000
309092.625000
309092.875000
309092.593750
309092.218750
309092.625000
309091.968750
309091.625000
309091.968750
309091.781250
309091.375000
309091.500000
309091.781250
309092.187500
309091.062500
309090.875000
309090.968750
309091.343750
309091.656250
309091.281250
309091.375000
309091.406250
309090.531250
309090.156250
309090.812500
309091.437500
309090.625000
309089.781250
309090.906250
309090.937500
309090.562500
309089.906250
309089.031250
309089.718750
309089.406250
309089.750000
309090.218750
309090.468750
309093.062500
309091.750000
309091.156250
309090.812500
309089.062500
309088.187500
309088.000000
309088.218750
309088.156250
309088.031250
309087.781250
309087.968750
309087.781250
309087.875000
309087.687500
309087.625000
309087.562500
309087.500000
309087.406250
309087.312500
309088.406250
309090.937500
309089.031250
309087.812500
309088.406250
309086.812500
309088.218750
309088.687500
309089.187500
309088.312500
309087.812500
309088.718750
309091.000000
309088.718750
309090.343750
309091.218750
309092.343750
309091.187500
309092.781250
309087.906250
309087.375000
309087.750000
309086.312500
309086.031250
309085.812500
309086.937500
309087.812500
309086.343750
309089.750000
309088.375000
309088.406250
309085.500000
309085.500000
309084.718750
309085.750000
309084.250000
309084.312500
309083.625000
309083.750000
309083.562500
309083.406250
309083.281250
309083.093750
309083.781250
309083.093750
309082.937500
309083.093750
309083.218750
309083.000000
309082.375000
309082.468750
309082.406250
309082.281250
309082.343750
309082.062500
309081.937500
309081.750000
309081.781250
309081.656250
309081.500000
309081.406250
309081.062500
309081.187500
309081.000000
309081.218750
309081.312500
309081.000000
309080.718750
309080.593750
309080.656250
309081.562500
309081.125000
309080.437500
309080.437500
309080.000000
309079.937500
309080.343750
309080.656250
309080.343750
309082.562500
309084.406250
309085.687500
309088.562500
309085.937500
309082.562500
309083.750000
309080.625000
309082.593750
309082.187500
309080.031250
309081.937500
309080.593750
309082.000000
309081.937500
309081.343750
309080.625000
