218.452759809
374.88233848
194.677398109
328.444419851
124.906596985
271.013057064
155.146180467
112.987797979
380.384743458
329.125524467
340.113099824
225.467824316
342.126522101
229.86184397
142.732014687
156.591042217
100.439666666
121.468909582
98.8148162179
229.579576507
102.27991863
136.573759474
121.662662651
147.247104204
370.383979027
386.37777162
158.895359523
302.755115066
150.073986423
337.710501588
309.572511726
152.393972258
150.767015288
131.393667047
220.211816923
272.624442998
346.21965492
150.083491038
288.35583634
142.175382203
113.912810579
240.415609053
362.940129831
265.687481901
251.284554525
106.243611671
217.125710108
377.767479451
278.283902253
352.39443305
372.466320034
390.744141151
380.351179294
408.049003557
304.69584315
173.694792533
259.06180916
131.388949827
257.840341752
194.566833593
241.769858653
201.968597273
186.315372807
196.920679407
405.990420862
231.804264925
166.086106582
335.9127422
159.130207539
248.736156757
236.826978144
140.55336119
226.930171549
178.209244359
285.93675569
304.637856096
228.392774273
254.627935017
263.393558851
318.053101251
224.482627415
139.349942534
135.25350655
224.037625135
214.407639181
313.856276626
157.560290643
188.825180906
143.671263499
373.823263122
399.50852146
201.793379859
229.39804583
235.976843824
127.580479548
212.083625194
228.497621644
341.342477086
261.411629389
264.329601606
213.935672905
302.201494089
134.414579525
381.709218989
301.671855013
272.969287658
90.5762380248
93.2739818961
343.06295248
150.807629736
394.610594073
361.685793309
253.773841682
284.679827971
396.455875577
171.771235155
217.109046425
380.234250698
235.726963941
325.273486016
113.811260119
138.158751499
262.989608612
312.081109967
373.044057976
311.26720983
133.449519012
349.981270088
255.175482997
270.214538495
343.482444733
265.35824146
256.699710468
339.277124752
364.532584677
158.817972997
304.817341857
311.169833678
391.556938458
206.26234791
143.054365288
89.3105431361
145.354553365
375.002447911
410.172634714
353.264667906
186.728056462
405.629944314
335.068729118
315.585901131
329.303208406
173.989765852
142.188103886
184.480990315
368.541067626
231.591414062
238.358646649
229.310051507
321.054376895
213.757257949
163.530092651
200.674060107
334.953050867
220.734594426
232.166466096
126.974276762
87.7223387242
325.402527291
277.451291613
202.050222762
247.812684847
316.912004573
255.819594753
353.004953244
263.704753128
391.648539729
257.246087861
347.100006403
178.782619557
201.009765431
340.941795562
362.422287136
330.589296781
408.692505172
175.628794232
371.304812244
297.793913342
178.934570923
199.242322336
305.095279258
342.73176399
319.831255476
277.895115442
138.458986012
240.955713405
145.408344336
264.813334551
168.80716591
354.837458179
362.17445651
120.500654121
269.784554197
197.283863632
343.150094943
360.5222474
180.660801136
230.638076844
189.249217835
153.943212344
356.356806345
109.580260949
324.779639128
333.261625155
186.509645404
202.610834906
177.746339878
295.633953283
206.837165219
137.603930823
184.967890877
380.154030309
135.798313775
352.044089192
104.832096431
155.475113995
152.150623978
261.191975023
145.563940445
213.24747597
100.128064326
287.141398979
110.160457316
298.505723271
283.874635146
209.232323293
290.211527793
411.3623526
238.764521097
194.266892528
353.649768464
161.33898559
293.494877188
301.860088186
304.466739877
275.278715081
279.477946223
283.366709061
269.228423866
340.147887719
269.644224119
202.150461055
265.317969631
367.207709226
172.606128803
356.77711081
208.470397911
354.134982195
140.282188344
245.693635396
256.119827866
296.761633403
307.57423651
119.714364156
170.160511233
189.568134952
383.227329616
332.693716326
229.749345794
358.795149002
370.880849448
397.312198054
145.980274515
187.866194324
385.583333959
375.712661103
241.534004735
166.805904566
417.518591284
158.864409897
197.724921646
244.544029423
342.802571406
128.515249572
151.759270911
407.377727407
304.928444149
120.160659759
207.748711354
173.507262345
274.791401411
93.2166083725
163.07230638
169.01064716
268.989102816
356.166676719
258.225799858
179.127354956
132.820064011
330.407770649
330.04133036
309.191308685
174.222625862
280.622138152
102.964132464
308.974657988
344.863237808
208.946065438
242.384933241
349.491319089
126.330244304
265.24488523
176.488220896
125.166673284
159.712257779
316.477801244
238.72873164
147.679533997
269.403366794
290.940120201
272.409155026
163.156992033
338.617970172
337.07877191
370.207263607
240.06415308
239.402934273
209.871731166
261.026009058
368.161462092
314.868289028
103.587104505
340.797000074
210.727302982
162.738241409
385.653189956
131.077026528
225.415794201
192.199087052
118.396665635
136.560743524
341.627254572
137.848667582
351.161279428
392.334439398
397.427472769
406.634063159
321.348405935
321.024408569
249.431588275
139.892431969
378.123262106
365.930075233
297.260386153
134.146400626
179.067787559
342.552750672
232.659797223
279.064412473
393.551199354
297.574978241
243.733586918
218.629561707
350.114867449
269.722643219
289.422746361
329.507290312
112.140652556
381.070548723
215.163747418
370.965776179
123.202640325
289.525126877
382.357563827
339.144213188
234.172076542
362.075059789
344.690351895
329.684990209
218.630128515
133.081371894
92.8178080455
201.939744837
235.54528371
153.443568198
320.422955164
306.306762814
262.625161423
367.761007158
242.794897708
375.535363317
393.154578382
129.48233396
268.676174986
145.619447204
149.406510909
175.76696127
351.54356119
250.35327149
224.03572544
256.661465732
209.378508263
210.058825615
366.579246749
379.119762324
260.404904037
273.28862202
200.715608204
168.582076447
370.938969594
395.18294534
375.708577293
346.89776474
231.627138725
242.607151047
247.088956214
272.229722575
113.281097298
110.078864819
175.939025905
213.357519496
204.971451653
349.628534346
126.215378629
137.495578063
212.62422754
292.706593799
104.962119982
331.250373616
295.916224491
264.735497785
264.363623622
366.448897174
329.096896797
158.833794372
312.176075362
386.213092435
238.321288601
388.07646357
291.053792212
164.590793503
400.013115478
254.936093958
182.126104148
189.272434108
369.557143149
188.825366513
319.954681184
248.368110514
310.616781746
320.06017418
256.228722644
199.850440395
286.45972406
301.949806933
318.634805911
302.956825063
296.875200531
147.27916988
126.842781855
397.587281367
170.201217688
257.08599737
105.943695666
323.196360182
335.470136496
281.743923501
93.2309324304
387.594786359
149.987377073
228.210504711
350.653687977
374.775903825
378.671340696
299.894927507
318.472437519
377.753201946
224.70338075
261.112734243
361.774719251
331.857821215
177.971333669
240.07091952
143.245598903
190.503588726
238.280594201
389.279428022
227.611532649
343.120471307
157.507591739
254.096137385
146.258974776
128.536027837
112.558867611
201.239987648
196.468526604
353.885767758
237.330870342
355.979521196
287.31573772
112.60779732
317.39736977
242.79754196
313.708193283
375.382230914
339.049877623
251.982893802
225.69408974
382.488437374
161.627507095
261.743808868
130.55761176
118.249518408
212.865995961
221.20482385
332.60444768
397.1768461
341.513228532
338.554382151
142.182996816
246.398058924
232.373966349
229.881776951
241.500623216
115.25299643
267.844633176
370.226875726
130.384911742
303.816815511
161.291292936
305.875921065
293.161970562
213.476582695
346.769851933
163.550947486
192.230383758
347.022190345
370.63283593
121.954620745
115.021994671
275.093129568
233.754785013
96.5185229256
201.657162985
124.825417389
371.491501065
342.394790385
266.674907592
296.056645535
281.97873425
141.825233759
161.13642264
101.489966817
328.175301965
360.416944787
95.2772130802
313.9294157
176.346287701
231.539055369
399.25968854
120.775117313
183.769965332
195.776908296
264.329969931
202.795496511
358.436962298
383.631532921
174.872507486
220.326351694
168.689733596
366.089076061
123.153008932
222.293934431
339.640680649
260.577037953
336.260555971
351.072733814
362.305201503
303.694114647
194.076520551
164.524199862
362.65977674
272.957372344
297.624380778
356.358530205
108.421243443
138.378733148
339.887276843
142.677362173
363.329379589
308.291744372
113.44702446
239.883895306
353.998683368
292.675283515
180.786659212
385.31376665
143.990218273
335.718292706
275.973483683
333.456625801
183.730359933
388.172198985
217.641058387
243.938645894
179.1920905
240.113282921
255.359407968
341.329666923
231.601721398
316.762183718
343.822608729
259.497504609
255.575268357
251.244398201
367.141872828
321.939220141
165.874492047
239.752302338
299.388732099
221.20512196
351.386201225
135.178381198
294.915545852
156.624032274
121.907075637
196.677755505
329.678873843
230.091552013
290.897500817
176.870462731
291.310220429
175.0916314
367.675144959
151.739516461
257.922947944
232.630017449
127.135481872
214.759006101
344.464820478
301.998538042
368.740514634
141.592873208
294.098943345
168.370169169
102.329581074
330.643510691
317.6477425
115.885909569
242.534222935
309.834643657
389.787101784
209.609579327
253.130366427
328.361310542
172.533004784
117.451331992
178.537606351
370.274569912
156.34089787
234.263168543
333.423257992
319.998130026
195.469918312
131.96699043
382.594935061
250.851618522
334.950077116
381.768833336
174.586953008
295.534673033
103.872107675
316.570010913
271.768963775
151.623215544
354.801406137
171.083445831
405.453213334
154.720324991
333.036276129
202.447677709
165.495041132
115.907252313
407.449359096
304.30197761
96.3451405057
247.132630533
319.117469774
270.823432362
301.074438548
196.958043168
370.273592922
309.403616997
202.421239044
286.294626119
358.463981094
118.772997589
227.837428885
203.3438308
367.386186888
253.969058716
172.846827862
98.4561786621
166.822931437
334.744493273
308.179182209
303.974263272
404.885565433
361.357182427
89.8225101591
351.461115202
339.61606136
267.528393751
120.10729294
318.475705162
345.346574543
115.636121248
387.86489577
169.021812576
155.321083324
397.638700384
345.496292396
120.842752344
139.641355494
229.063639668
356.210074359
200.869973978
192.455348998
341.733748584
126.21634879
282.326892981
255.415860984
280.927055072
192.480876202
223.134710505
133.668207052
148.259785231
288.347516099
222.300535816
198.561867456
244.885433447
283.308233026
339.954473103
366.252925929
217.669430569
282.249394056
299.40204617
386.482400827
313.331502785
158.603019637
388.079048496
164.182647884
128.556581301
160.679519998
294.779818415
103.532128318
116.311349438
341.476075745
125.175130334
197.106890536
197.966435572
215.371840232
156.695574142
225.24719017
387.008888509
145.977968269
289.590024382
264.676991921
222.12720703
105.326342385
257.092661689
219.25389904
179.766682878
228.78467021
338.474160956
143.651051178
93.9750238374
345.904520954
189.891794867
113.839197759
118.072342232
272.606609176
230.961724097
78.019274083
328.166856349
142.282079009
153.098343478
260.588062174
231.625971232
162.013363975
142.362859557
302.739292857
231.986761447
333.45256632
158.593540922
200.586148192
271.749884674
234.251434944
333.633174382
214.711006608
342.56405544
136.792944476
375.390456184
221.985824671
291.761302129
168.045084026
173.97719377
363.348604901
184.786551839
335.042792378
335.228196287
123.323251757
382.74250388
126.167694188
236.758940212
157.877693257
136.415551751
393.883865932
292.186594093
318.356578822
306.998753286
140.09021372
148.255874141
395.679081835
208.114915523
128.085915458
250.555928824
198.590595924
178.948472487
190.179655541
380.411465346
254.264474282
341.149634034
135.881710035
198.947055591
335.752450849
320.43943809
222.802346113
163.01994493
389.002875464
184.098693644
357.429905989
282.703426136
305.877645613
146.514907043
211.981794617
259.409748454
104.66249559
219.558541441
194.755694164
266.977485315
287.247605002
306.377099432
258.277952124
237.157393756
379.282709505
163.071775266
365.630386412
142.092992322
356.840791964
126.796458773
134.665575432
207.64812377
80.5666454897
177.658032693
178.529329741
370.349676436
292.077926197
211.515451544
137.295839558
285.89939889
234.087667738
144.037605902
297.440032763
262.81241288
351.061780515
367.080942837
327.835534051
385.161133491
214.935366887
299.583272006
146.409176691
130.482125354
141.490528051
291.645251633
399.021745274
262.075250997
227.188430784
135.900750323
230.56824863
213.304454042
185.923053251
358.665995061
117.18749193
223.372196822
145.827745526
223.277036991
283.514398814
128.120272229
204.616636692
264.315754771
295.634650014
336.477719097
222.54478075
281.934698697
212.566570936
255.738747665
286.537324528
186.071544165
188.158348395
133.8960479
188.745088034
248.20143788
339.572698055
402.981212378
175.017886886
320.974721957
374.723920633
156.117408204
128.046740003
192.216153702
372.369928865
406.080515988
159.739206414
185.310007088
256.103687692
142.197333592
319.516993588
223.483376187
161.050903419
309.513471187
275.682956977
266.55519932
388.42780456
154.802725509
331.593676125
109.024935863
210.319800186
222.878620239
144.280317024
199.474387946
295.921500985
331.587980054
155.551823778
195.698945299
244.061004278
297.218869144
346.382371205
180.840143697
232.71136339
277.861072464
73.8197638625
181.077607548
366.256147854
261.464742069
197.390164151
285.103451096
177.787771308
196.97273883
311.039026546
105.1430947
257.742418371
212.404762509
221.303991091
164.923283853
311.510518972
260.183990453
219.591289418
190.139128378
339.910176495
160.287883865
175.183432754
189.923972574
116.055493781
210.095399231
232.918881009
374.325964708
361.291318748
331.655975541
247.510447693
352.718461008
161.698862206
301.425088174
181.768049774
297.19960396
112.067796336
253.697779306
347.513073389
144.647096043
356.809220333
197.298517393
271.360255319
305.936462302
231.220576572
253.141511334
301.300542359
278.217780575
213.362052008
201.085067131
278.334766022
340.245887048
