48.9236415779
25.014019093
54.9796285885
51.6188717214
33.5355075625
7.52483489419
29.783514588
69.749435977
94.2883504028
97.6499493555
22.7655833248
38.8374665797
28.4460211257
18.6030824317
25.2217655507
19.8626463617
85.0219565096
60.4206052601
36.1703505083
15.5022281223
39.3577544072
51.3884539216
36.0507233108
66.8491888666
26.4714005452
92.0166426249
87.8066137708
37.7856327343
28.829154023
55.3644918122
39.9597761423
86.6602520483
12.6764225552
47.6122489476
6.80924482618
31.8837800843
40.0429855291
14.8771009688
82.6817701532
6.17819792064
18.2146791381
99.7233686433
49.8672478335
73.4571661803
3.01981651063
37.2851111981
95.7636225714
82.9053303052
44.4406208677
11.5197698989
16.5813650155
82.5233598406
70.6789324089
91.0980312327
44.2376370488
5.41047727524
35.0743817931
22.8340391693
87.8771151674
28.3944082603
90.2238606741
27.9976943073
90.135687659
57.6414389866
88.3554129586
60.7936786796
98.1012132233
44.5357810231
45.2932548519
70.755858464
84.4049567978
44.347465654
47.7086758555
12.0066830931
72.1365338622
86.4483747089
86.9092442035
33.6731571498
76.3169896743
59.1027694529
86.4856424969
14.4755438392
97.8163853735
18.6165338051
72.337873839
54.0715851311
17.3984598798
46.1745340656
48.3434897746
44.7396208042
77.3849360853
5.84576057196
63.8422087903
27.3562105375
15.3617370789
99.0281404435
50.7992891812
82.7525417862
73.2094015415
35.1240911545
90.8281354152
43.7274525816
60.7843241261
79.5430413986
37.5742448832
88.7477735958
36.6340876795
12.5690246772
59.8545218738
52.6471761831
14.9968869435
75.2866822066
18.7038700279
67.3376000468
88.7896687166
2.61389559743
25.1420347346
97.9628112857
7.65576253479
1.75739881109
81.0684458227
4.21273290879
8.59678690411
6.71492643759
16.9807479655
34.9590116077
39.5470022187
1.07726505167
91.0169540009
37.3145106379
77.20363281
69.8763735148
68.5789719465
31.6206061827
70.4844680178
99.4005025567
65.4479249635
69.7452711533
75.4387083054
39.40668962
50.8075065587
2.41004839162
51.1430627804
87.0758391203
76.8156221051
8.67345566175
95.4878813664
38.3984189171
70.2604718758
82.6585735025
86.3934334015
99.4703729465
58.4670997508
12.0332327816
81.472182564
78.0411450152
49.7441161635
24.0965728198
22.255824631
77.0516353101
98.9981876875
9.48557028119
37.7121437396
86.8465423277
77.5763814328
66.603201947
62.5406908052
92.1568325803
21.6898725597
15.560836372
62.7543582768
54.7966037852
89.6091062701
67.1283518028
97.0751565759
83.9239327663
26.3081789313
57.7798356677
4.94073439761
51.1043944005
27.7895302267
86.3252191891
38.0494530073
67.7088184057
49.851385726
2.64224603108
74.5840107521
9.61598657332
53.3695720089
9.14370920929
25.4374883169
70.2138635258
73.358823733
75.0814755381
36.1817462702
21.5224032333
89.7520672878
7.95031988645
52.7927266117
88.3357342581
20.7338066442
66.5880269672
37.1263435335
24.4067316598
2.24534616137
63.8120807526
74.2424685061
43.7960011537
15.1435708406
32.7632102047
83.2342331646
74.6546914965
91.8484215873
1.4333110922
56.1497527745
37.9431607028
77.2631713245
15.6609841201
12.8612587853
58.5317405519
35.4190686754
0.613699478828
43.4678298699
61.8191324429
79.3416615966
53.7453341743
66.4985659216
90.9264684219
43.0504077208
49.2115239562
32.085302114
84.0679214391
45.2698752203
9.64062942281
55.7872375423
33.0359437699
8.58236816804
98.697612607
30.4327898723
37.1204088502
20.9148103978
85.3813632218
61.2263433337
93.3053688845
66.2959376932
60.7022422312
95.937159771
77.7025022869
29.3271973861
2.23161511248
43.3764988963
46.6386794665
0.726896460565
6.38236692235
40.2950373941
39.997156258
92.4336439851
69.1574714253
15.2809060467
25.1087718949
39.153444251
63.2953474098
76.0939806756
43.34589589
6.71853953358
90.6140870341
89.896459181
21.5614634286
86.0754025734
18.9231813601
12.3719482304
89.2953210754
28.7667036413
27.0675091167
65.1945307595
95.8281624512
67.7096637224
44.9990703137
43.0476272672
25.4344544225
7.57053055888
69.5811853604
49.6441894277
31.0640098007
83.1630112782
94.4879136314
50.4281866657
76.5851228052
49.8182811513
28.1047858533
73.4789025076
45.2530401127
95.6005540342
97.6243625186
40.1264820176
73.5054347318
91.4716378413
68.5143125072
46.5075029857
34.8442593857
61.7454023422
73.503097491
2.07058652676
42.6829497571
12.6813534058
62.1415793812
50.4883237504
5.56289997836
82.9068868186
36.1796935814
56.5628828659
78.4073300217
98.0850145772
36.5199164792
32.1432068289
37.905847685
73.4572408982
26.2726694746
87.7286914616
72.5531527529
22.8541791766
26.3588537636
38.9470636871
0.00734994024458
79.0748923919
2.2963018256
73.4921560509
94.0092137568
88.3740231224
86.8498835925
65.7444976697
23.9016643308
95.4024423271
85.019469478
96.3305629507
38.4794748882
37.6043330588
48.6715849858
15.9448399172
25.4904407293
12.5718313385
94.5504795115
63.3812128091
97.2209120625
20.5246886304
5.44542625328
21.847762008
3.58143779045
55.5685694645
90.8778530767
20.2207481736
40.3717237842
11.1780519859
68.9666320726
73.1597751619
86.8032802167
92.7596416095
89.0011552695
69.9792551141
99.5480858369
0.270974458729
51.0923403919
48.8371467148
40.4975890085
6.39676600503
85.4788299183
13.0698726834
44.6223079668
8.62495257861
13.043502641
99.6550563216
6.39306212595
88.1634471123
42.3397522697
45.164056822
95.068016929
37.3434085016
77.8719568314
66.3432239528
32.7106217101
73.7814248068
71.8751979432
77.0804868646
73.6684475299
78.7671529761
81.5945101819
73.6450217819
69.1053736606
84.8460635983
9.63680957856
15.6263127122
49.2032274124
39.2089787923
81.773533043
83.5311203484
87.6856211558
36.2495023818
92.8853405686
14.5131378311
14.015306361
27.7748146096
78.7141986149
25.5122181593
90.955840301
79.3007623377
31.369602605
47.3859274742
68.0041344863
56.8347947863
99.3540984788
32.6640586104
30.3373579378
13.5285732484
7.50380808383
4.4750863086
72.0171395835
63.8588702968
10.131299039
77.7296605792
18.7675145787
24.9037598469
54.8737940746
13.6183270265
41.936810132
87.8126460055
69.0250286689
77.8911890085
75.9784501717
83.3705338094
72.2704203525
27.8068884726
0.193493722703
36.3066263656
69.1271444486
5.11142014889
86.6691106668
54.8455314984
6.16360969549
23.8652765815
37.1237589728
86.0589105588
36.3767724048
90.4495484879
15.3027832807
55.7297504967
29.2745804102
17.6832645601
83.376125168
77.5370299101
72.3130108171
13.7181889132
96.6195582876
37.9398550757
0.668127632585
82.922203893
36.4474248189
22.216779023
1.71791559586
44.6109803731
69.186224071
38.536658224
27.709843874
78.8595365175
33.6233083737
99.9765597154
56.9774906103
28.638453233
32.8970944906
82.4134062021
33.6778247296
11.0499776817
6.54018622896
59.517292477
35.7701215047
94.6943027878
23.2314162826
52.9110414399
48.293383285
52.9889870841
62.2819830321
29.3088585453
67.5786238517
79.4617335587
39.1183871959
34.7584786117
69.2646707914
94.0101960023
83.6636641642
85.3865678239
56.5437093062
95.7950543353
44.2618871133
41.9697496629
36.9596536225
18.6483851399
26.8186728126
32.192090516
36.2525487868
16.1120512024
71.109584549
19.9228007198
43.4281722649
90.0591076647
44.9691515542
54.6008000421
94.2166616845
96.09778059
28.7543408595
47.061113154
78.0390649241
81.7364355186
25.9993620213
63.0618541538
22.4616354467
57.5768779718
24.1076750318
54.8122223309
17.9826807124
12.4090434891
8.02062665276
58.3010782494
66.758249385
17.9820795251
55.4650289225
71.4830582378
84.835618169
91.4836185556
34.2556974853
94.9973586728
46.0365167311
21.6604372637
24.4476932595
46.3231898367
91.9729458434
49.239601299
49.5148360213
22.8458873112
87.7531709894
87.0122427099
42.7704327376
1.37272801709
84.717386838
74.9117379344
3.14108374906
93.405463946
7.13905291892
55.7215312679
27.0715143209
69.9042745026
54.8519275982
50.4948977794
84.5693029948
32.1833725146
56.9720143162
90.2956591079
33.4984126531
4.82500232453
23.4024582854
33.6317695641
91.6347702846
25.2901043326
36.7316124605
96.4700837987
71.2593196382
79.8885768916
13.4244116158
6.93545521219
73.5057121382
60.4339425776
71.334615505
49.5734058017
66.4720712707
40.0068879737
19.2759786591
53.4826117096
91.7607862159
57.038660868
87.1797751617
47.1608549467
15.1010464134
52.236462303
99.0200233851
53.3408661116
13.5444148292
75.485228013
99.6764869111
28.2109554504
67.2919672693
31.1987417852
97.2256598895
73.1188932406
62.9803190679
43.5731481591
17.6650997941
46.899008559
52.9623638998
22.3512371326
80.8534853805
33.0097356383
68.952174942
83.7731429581
70.8766263882
58.7935878106
78.9495266409
4.28215497465
16.5121641083
15.841798536
51.8030938339
59.4957505073
46.7385520257
10.0315809027
64.2257293835
66.6270207403
5.22509203307
32.2187814938
99.9211446094
24.4495105276
69.8942868857
61.5295625295
68.7478365886
58.8388989875
81.5279687271
10.8004077849
97.4742961004
95.4063106412
5.18902020617
65.1629324653
23.7939705912
24.1123205078
0.618040392847
42.6066424657
69.3935542455
33.3024575417
17.9213812689
10.4736994949
54.6399652947
78.213219757
63.8091914332
96.5041532512
71.3583536755
73.5289662001
28.9177949438
49.0901503522
6.05108145204
25.5504651404
60.8675395767
58.1674494617
49.5129505878
0.180446245163
16.5068597516
44.0998182612
4.21712268
49.9371684862
47.204857323
48.7014357324
9.21885721177
78.2445503146
48.4003418338
59.8103495566
89.7743046175
25.2112474795
86.0970721353
53.6218839279
29.1016928586
0.111730417949
80.7227470272
84.7891948439
73.6762793238
52.8964987615
50.7168033897
2.43968431077
5.85841332494
93.8491999268
49.3955685077
38.895524713
24.1764320496
37.6984236376
85.7307479278
42.4161876498
79.5196260057
74.5964292857
12.0004615978
55.4817110317
37.8319437655
38.231778531
9.27226166854
70.6225299519
88.007748493
41.1746005826
38.3624756149
74.8558630392
7.51917527139
88.8549099393
78.7387573154
68.2107565872
13.1573525665
12.5114562334
78.2276312823
2.8488416088
64.4336443792
92.427059353
51.3193931669
35.5799606874
22.9024842751
81.6482389343
56.0176423266
19.2938798518
81.8585871393
8.66537421485
74.6617871963
63.6598434459
74.4313285587
28.680901639
62.4108931049
50.2668575931
34.8760005218
51.2047602105
20.5406874369
43.1304723886
33.6312259012
15.9851021329
68.4084569317
67.3302460945
89.2551644244
29.3512792553
34.6991818295
29.0102433409
90.7062455981
56.2027263988
46.273197835
93.7663252207
70.8425005368
34.1144485799
87.3600478242
97.8327298476
3.34584787239
84.5831374661
43.1879393098
94.8171806001
69.3079520439
75.2425078504
77.6607697853
57.041140248
49.8180332256
28.5447455652
13.9675216153
48.5856195171
10.5496363144
44.6557421663
59.8150213569
96.3999425175
40.5283615484
6.01477288904
29.9133098042
90.4483491155
52.6496869123
51.3887890034
17.1395983
17.2673523191
7.65531601999
51.884874785
64.5120767594
17.1545881721
90.8749147291
91.5237175357
54.0607271624
96.7752177547
32.5160383514
78.988442809
28.4066769161
61.0255488503
14.3796302101
78.1700039695
58.1939110852
17.5259633221
71.3527092881
88.5451118938
75.9725843393
24.8422092436
40.1271387958
77.1359514887
78.7487197149
83.3977878325
71.1595999125
72.6944175214
76.1100967465
88.6711592297
5.22142575045
4.35103080747
50.2112157579
94.7033522066
0.580471992215
25.2729463856
58.6837386889
22.0152212364
80.468915217
8.83659723011
24.1791515818
23.5915058907
68.7463184437
40.079323672
34.3533265538
24.7141686378
69.6027124534
31.7750202781
12.342844798
94.8606957387
38.6019204933
32.2962261328
32.1570604546
8.34746830529
33.0100861504
59.293351855
16.5300817748
74.5874363811
8.74057862132
61.8336159614
32.9396075883
3.71229223168
86.2013121315
48.1357075075
88.532558429
68.8173414376
33.7962520115
60.1341445035
86.2506271808
66.8549669282
16.0043383316
47.2387508291
61.7273281119
25.9457848801
87.3042225876
34.7665806588
29.0439738697
26.1231265416
7.51928832255
94.8325003806
48.6153508876
81.9438635344
11.2581726737
1.81898551369
72.0030733995
55.6948880439
90.2186465545
76.5060071398
47.582560376
36.0315404419
25.5677515954
15.9922100765
81.1894785882
60.7384817547
82.8384594768
6.60229201436
84.2226509126
80.8560308293
81.5557499994
59.6318270938
69.6048088739
46.2736264747
87.1899535421
60.5747341778
2.27812547632
93.136743663
59.6131278821
44.1988926777
40.2991017737
23.0979883334
64.9430118728
50.2401879586
57.6635798429
98.822826484
75.132300441
13.828033761
48.9795941002
47.5895931397
72.9186849965
78.159171657
91.2196508816
38.0071674578
75.212060742
86.7520787495
70.7493760215
35.2899457904
6.47464807926
90.3343506403
95.6383672385
6.10473684717
44.077016368
21.2354761844
87.4574466237
32.165741759
44.8425202112
22.5348383994
23.6757552678
20.8393986495
42.5002888569
5.31680146463
89.104009242
64.4188223965
56.3890171812
42.9014762273
60.9238808413
7.93787925917
96.3149415059
40.8253209045
29.8493867084
75.5581272094
56.4450089233
14.1542543693
44.9698261822
31.4690651805
82.099112218
30.405417446
54.0064084883
35.7222116435
86.1845081227
63.4895314166
30.9554549438
91.0145916259
10.8232358442
26.0988994595
81.4892739906
22.197176
78.7823847468
41.0872138665
9.07382172717
31.5990003434
60.7840209718
36.0260034469
3.71827766661
77.1923010132
16.1482636952
12.4869430056
81.5039052038
1.23923133703
0.0296886389057
66.9513654949
97.2638355038
42.938183333
52.7014546798
26.7147084365
5.20585514899
35.758669387
74.1583866949
1.32014100876
16.2060953707
21.5952020533
60.211781114
31.583960719
59.568035571
98.6003230961
24.4032560099
46.4674467463
13.0581056135
11.3331791048
30.7988975485
51.5364326043
70.1778511143
6.12990903393
82.588321855
43.6011317949
73.6270567822
0.713214173651
84.6970961517
43.6867944974
36.8921612548
55.2406559008
20.591422877
12.9048335596
89.7931013306
40.3274161374
21.4980363761
18.4950616856
95.3541824535
64.5280638117
96.9508428674
47.3136952626
27.2821364238
31.2832104785
66.0061024576
10.7228004879
53.6593324499
74.1154428422
19.5136336242
93.0946570175
98.4685996943
33.8400853673
18.7866639661
46.4194623228
57.1067547713
25.2057701023
29.4750123441
35.3154950927
87.4380954052
99.2666483871
30.5533372626
93.2948746187
99.4897451615
35.909905359
31.9059110582
